nbLignes	1468
944875	290525	8.64882
944725	291275	13.0998
945250	292075	2.99091
944975	292250	1.53451
939525	293275	7.14496
938675	293450	4.59699
945100	293450	22.3186
939750	293550	11.9176
939050	293600	4.69577
944900	293625	22.1395
946575	293675	27.2315
944650	293700	20.2772
939450	293725	10.2131
941100	293775	4.21062
945350	293800	29.4044
941175	294000	6.41334
939700	294075	15.3801
938200	294150	1.15131
939675	294150	15.9075
939475	294350	14.0737
940950	294350	12.5448
939100	294375	11.0386
940300	294450	20.8616
937850	294650	2.23247
937850	294675	2.21131
940275	294675	23.6379
944600	294750	16.1166
944100	294825	10.3403
944400	294825	12.9972
944300	294875	10.4681
944275	294950	8.57172
945325	295150	14.0659
939275	295350	-3.06056
945575	295600	10.0007
944425	295800	6.02608
946300	295900	13.7552
940100	295925	20.2172
939400	296050	-0.240076
940125	296075	21.1663
940125	296300	20.4419
939650	296325	9.36299
939625	296475	10.377
946050	296625	4.83637
945200	296650	-4.24679
939575	296700	6.9815
942850	296725	-9.92161
940700	296750	17.2594
941350	296775	14.6323
940650	296825	16.9068
938650	296875	-0.583254
939725	296875	13.9662
941300	296900	14.7154
940150	296950	16.6001
938875	297025	3.39464
939525	297125	10.1906
940725	297125	14.1761
941425	297175	11.5904
939650	297200	11.7569
940375	297300	14.4932
940450	297300	13.949
940100	297325	13.462
942725	297325	-3.90996
939375	297350	7.98802
939825	297400	9.38213
941875	297400	6.72157
942275	297400	2.63637
942300	297400	2.23413
939800	297475	9.89267
942125	297475	4.10792
947075	297475	5.41468
938825	297550	-1.88632
939800	297550	10.4631
940550	297550	10.6804
940175	297575	10.8241
942400	297575	-1.85528
939825	297675	11.5145
940250	297700	11.9699
940300	297725	12.0656
939825	297900	13.7304
939100	297950	0.919426
938875	297975	1.14246
941250	298075	3.64214
938775	298100	-0.393098
939900	298125	15.9783
943825	298125	-10.7433
939725	298225	15.9148
941475	298225	2.24398
939800	298250	16.5875
939700	298275	16.5433
939725	298375	17.6185
940050	298400	19.1573
940100	298425	19.4684
939700	298450	17.8313
939800	298475	19.4192
939625	298500	17.6776
939725	298500	18.6786
939950	298500	20.2852
939775	298525	19.6854
939900	298550	20.8751
940200	298550	20.5326
939675	298575	17.7384
940200	298575	20.9272
939900	298600	21.6813
940200	298625	21.9791
936750	298650	-3.37786
939625	298750	14.3803
939825	298775	24.3091
939650	298825	14.3588
939675	298825	15.646
937350	298850	20.3486
939625	298850	13.254
940325	298900	25.1805
940350	298900	24.4666
940400	298900	23.6147
943125	298900	-6.20797
941375	298925	-1.5111
939825	299000	27.6355
940525	299000	21.0478
940575	299025	19.1984
941375	299075	-0.186654
941350	299100	-1.37376
936975	299125	18.1942
940600	299125	15.3269
939850	299150	31.7098
940025	299150	35.8112
940050	299150	35.8264
941925	299150	-1.09363
939975	299175	36.3571
940825	299175	0.173569
941075	299175	1.86644
940775	299200	-0.375465
937375	299225	26.5287
939725	299225	18.6193
939900	299225	35.7317
940000	299225	38.678
941025	299225	1.35009
941200	299225	1.10066
940100	299250	39.2645
940800	299250	1.17093
937375	299300	27.2618
939900	299300	37.3072
939950	299300	39.9054
940050	299375	48.8479
944000	299400	-2.5215
940000	299425	52.8326
938775	299500	-2.16297
936800	299525	4.87372
939050	299525	-0.505777
939650	299550	14.2434
939625	299575	12.5445
939625	299600	13.2438
940000	299675	46.1184
937425	299775	21.9826
943150	299825	-2.38728
937675	299875	39.8466
939600	299925	12.6291
944700	299925	1.55424
937150	299950	6.99269
937675	299950	36.3063
936650	300000	2.46356
937225	300000	12.661
938250	300000	19.3119
938375	300000	13.5241
943700	300000	0.00595427
943750	300050	-0.495179
939775	300075	22.3567
944150	300075	0.495942
937450	300100	20.5808
938600	300125	6.21787
939575	300125	14.9471
939650	300150	17.5472
939725	300150	20.4454
940150	300200	21.153
940325	300200	-0.0933512
937525	300225	22.3996
944050	300225	0.727633
937575	300250	23.1597
939850	300250	21.0584
939850	300300	0.412085
938400	300325	10.4263
940275	300325	4.41769
945100	300325	1.68263
940175	300350	4.81455
937450	300375	16.0075
940525	300400	13.9123
943425	300400	-0.635469
936825	300425	6.64893
937500	300425	17.0697
939150	300425	12.0066
940175	300425	5.09836
939750	300450	2.28191
939975	300450	6.28859
940250	300450	4.68332
940550	300450	13.3009
936550	300500	2.63334
936800	300500	6.93279
937200	300500	13.1283
937575	300500	17.466
938425	300525	9.4346
940125	300525	20.3476
940600	300525	11.846
943050	300550	-0.26065
939325	300575	14.2625
939575	300575	18.8101
940700	300575	9.98141
939600	300600	19.3961
939600	300625	20.134
940075	300650	22.7058
940325	300650	19.7547
940525	300675	16.7806
939550	300700	21.5811
940125	300700	22.8879
940275	300700	20.9381
939050	300725	16.6399
940400	300725	19.3053
937475	300750	7.1975
939725	300750	25.8367
937575	300775	14.8542
939700	300800	26.9458
939750	300800	27.1384
939975	300800	26.4298
937775	300825	14.9759
939075	300825	19.6395
939575	300825	25.5603
939800	300825	27.8123
938125	300850	13.3677
939050	300850	20.1036
939450	300875	22.4234
940025	300875	27.4525
938100	300900	12.3124
939100	300900	22.465
939175	300900	23.1082
940025	300900	27.9599
940525	300900	16.9404
938450	300925	21.5235
938525	300925	20.3003
939300	300925	24.4752
940050	300925	27.8427
939075	300950	23.776
937925	300975	13.2045
940450	300975	17.9857
940725	300975	11.6227
937925	301000	24.3687
937550	301025	8.46456
939400	301025	28.3692
939775	301025	34.1493
939975	301025	31.5398
937525	301050	18.2
937550	301050	8.7594
937650	301050	10.8856
938700	301050	5.6358
939375	301050	29.4725
939725	301050	35.2219
939900	301050	33.7124
937875	301075	24.1178
940300	301075	22.767
937275	301100	13.0598
939775	301100	37.1114
939825	301100	36.5127
939850	301100	36.0662
939650	301125	37.3682
940000	301125	32.8345
940075	301125	30.511
937275	301150	13.4048
938175	301150	29.1259
938325	301150	28.4765
938425	301150	8.20562
939050	301150	28.0916
937300	301175	14.1747
939175	301175	31.1167
939550	301175	34.4271
938800	301200	11.5348
939000	301200	27.8153
939025	301200	28.3793
939150	301200	31.1259
939200	301200	32.3784
940000	301225	33.9303
938525	301250	28.1971
938825	301275	15.7301
939075	301275	30.4022
938500	301300	30.6381
938775	301300	15.192
939200	301325	35.0044
939900	301325	38.0096
937950	301350	27.7796
939100	301350	31.8183
939275	301350	38.3281
939950	301350	35.0665
938825	301375	20.7323
939900	301375	37.0252
939975	301375	33.3657
937550	301400	20.9559
938625	301425	16.5629
939800	301425	39.6357
939850	301425	37.6935
939975	301425	31.5826
937475	301450	18.5295
938050	301450	32.4679
938925	301450	26.5327
939800	301450	37.4573
939850	301450	36.0157
939900	301450	33.7133
939950	301450	31.4759
939050	301475	27.0553
939225	301475	36.1516
937675	301500	22.155
939725	301500	48.7464
939775	301500	32.453
939850	301500	31.762
940050	301500	25.1335
938825	301525	29.7424
939250	301525	36.2102
939700	301525	50.0117
939800	301525	29.1525
939875	301525	28.924
937700	301550	22.105
938875	301550	31.4058
939275	301550	36.6557
939700	301550	47.5002
939725	301550	45.9958
939900	301550	26.2484
939925	301550	25.8816
940075	301550	20.1148
938850	301575	32.5918
938925	301575	32.3681
939800	301575	41.7077
939850	301575	24.1433
944925	301575	9.59929
938900	301600	33.6687
939700	301600	42.8687
939775	301600	42.1115
938675	301625	35.1589
939675	301625	41.4884
938150	301650	35.4781
938725	301650	37.8717
938925	301650	35.3515
939375	301650	34.6487
940050	301650	16.2998
938225	301675	38.9239
938725	301675	40.2178
938750	301675	39.2534
938775	301675	38.3596
938825	301675	37.4955
939550	301675	17.7016
939650	301675	38.3272
938750	301700	41.0035
938850	301700	38.3946
939475	301700	30.2974
940175	301700	3.63754
939125	301725	32.4015
939700	301725	36.8546
940100	301725	11.4001
938375	301750	42.5009
939300	301750	28.5597
939650	301750	34.464
939800	301750	35.3651
939850	301750	34.4351
940050	301750	28.841
936925	301775	9.18802
936975	301775	9.30788
937675	301775	19.8085
939175	301775	31.709
939325	301775	28.2282
939800	301775	34.2784
940100	301775	26.8245
944975	301775	11.5649
939525	301800	24.8595
939625	301800	24.4167
939725	301800	33.2979
940125	301800	25.1322
940175	301800	20.7884
938975	301825	37.6009
939575	301825	25.4766
940100	301825	26.1829
945425	301825	9.87116
938250	301850	40.0977
939225	301850	31.0559
939825	301850	31.0133
940050	301850	27.2145
936450	301875	2.04399
936925	301875	6.45006
939200	301875	31.6777
939900	301875	29.2992
940275	301875	13.2542
938675	301900	44.0735
938750	301900	43.6269
939050	301900	35.183
939775	301900	24.6494
939950	301900	27.8312
939025	301925	35.619
939725	301925	26.4766
936850	301950	5.69025
937325	301950	8.93279
938250	301950	39.6914
938825	301950	40.4764
938975	301950	36.1005
939250	301950	30.4294
939275	301950	29.832
939725	301950	27.1252
937075	301975	5.62977
937450	301975	16.5693
940350	301975	15.5843
937350	302000	14.5924
939000	302000	34.2887
939050	302000	33.6128
939250	302000	30.141
939275	302000	29.6972
939450	302000	30.845
939850	302000	24.0789
940200	302000	16.4875
939000	302025	33.8558
939575	302025	32.6114
939925	302025	21.4506
940075	302025	23.3971
940225	302025	17.0505
946025	302025	9.11258
935525	302050	10.7144
936725	302050	2.11399
937350	302050	8.34907
939200	302050	30.8326
939825	302050	25.678
939900	302050	22.5532
940050	302050	23.2153
946050	302050	8.82645
935850	302075	10.806
939425	302075	33.5114
939600	302075	34.3805
939700	302075	31.1767
939900	302075	22.6348
940000	302075	18.7412
940150	302075	17.7673
935950	302100	10.8623
936975	302100	3.4096
938675	302100	35.5347
938925	302100	33.4008
939075	302100	31.7754
939500	302100	36.1033
944725	302100	12.4084
935725	302125	11.0938
936850	302125	3.96405
938900	302125	33.1106
938975	302125	32.0822
939150	302125	30.6633
939200	302125	29.9254
940200	302125	18.0733
937225	302150	5.45794
938325	302150	35.7679
939375	302150	34.3327
939675	302150	34.5051
940000	302150	24.1965
940025	302150	23.6573
936075	302175	11.0854
938950	302175	31.0178
939075	302175	30.9894
939150	302175	30.198
939175	302175	29.7444
939575	302175	39.7144
939725	302175	32.1565
940250	302175	18.3976
940325	302175	19.4295
940350	302175	19.7593
936600	302200	6.31779
936700	302200	7.65026
936725	302200	8.2387
937075	302200	3.21486
938325	302200	33.8913
938575	302200	29.1604
939050	302200	30.3166
939075	302200	30.3574
939100	302200	30.37
940450	302200	19.7147
935975	302225	11.4226
936850	302225	9.6546
938075	302225	29.3645
939775	302225	28.8899
939975	302225	26.7474
940050	302225	24.4633
940275	302225	18.689
936950	302250	10.0058
938550	302250	26.5537
938750	302250	30.8775
938900	302250	29.909
938975	302250	29.1897
939400	302250	38.7371
939425	302250	40.6097
939500	302250	44.0751
936200	302275	3.54447
937450	302275	5.38765
938750	302275	30.1248
939050	302275	28.3588
939100	302275	28.6438
939375	302275	36.4877
939850	302275	31.7633
939875	302275	31.0387
939925	302275	29.4722
942250	302275	17.494
936975	302300	10.8984
937875	302300	6.79265
938350	302300	30.6382
938575	302300	25.4372
938600	302300	26.0657
938850	302300	29.3894
938900	302300	28.915
939125	302300	28.2694
939150	302300	28.2271
939700	302300	38.4031
940425	302300	21.0879
944825	302300	14.6585
937350	302325	3.31792
939700	302325	39.7919
939775	302325	36.4173
937025	302350	10.8355
937100	302350	10.8134
937875	302350	23.7799
937950	302350	25.0565
938675	302350	26.2937
938950	302350	27.595
939775	302350	37.109
939925	302350	30.7125
937450	302375	3.11132
937950	302375	24.6735
938150	302375	27.2616
938350	302375	28.0261
939075	302375	26.8651
939225	302375	36.2553
939300	302375	40.8201
939575	302375	53.1615
939700	302375	41.6406
939950	302375	29.9121
937625	302400	2.68207
937775	302400	2.72486
938875	302400	27.0559
939125	302400	26.3527
939150	302400	26.2619
939375	302400	44.8086
936250	302425	12.0086
936750	302425	8.89881
937650	302425	1.90136
937775	302425	20.7343
939325	302425	42.3653
939350	302425	43.6922
940425	302425	21.983
940500	302425	23.4846
936525	302450	11.5027
937275	302450	13.8432
938275	302450	10.7402
938825	302450	25.417
938875	302450	25.8645
939350	302450	43.0227
939400	302450	44.9994
939525	302450	42.8097
939875	302450	32.6553
939950	302450	29.1038
940700	302450	25.1492
937550	302475	17.0477
937575	302475	17.3942
937750	302475	19.6531
940400	302475	21.9765
941000	302475	22.3315
936975	302500	9.11047
937175	302500	4.29015
937775	302500	19.5269
939075	302500	24.5667
939125	302500	24.4318
939375	302500	40.8105
939400	302500	40.9634
936500	302525	11.9472
937875	302525	21.0812
938725	302525	14.7858
939150	302525	23.81
939300	302525	36.5829
939375	302525	38.6468
939500	302525	29.7113
939950	302525	27.7787
940825	302525	27.1954
937775	302550	5.95535
938100	302550	9.3694
939000	302550	23.4634
939150	302550	23.3548
939300	302550	34.8021
939675	302550	35.521
939875	302550	29.9851
940825	302550	28.2169
937625	302575	7.70669
938250	302575	16.0321
938775	302575	15.7418
939125	302575	22.873
939275	302575	22.2788
939300	302575	22.0961
939325	302575	33.6088
939425	302575	32.7366
939900	302575	28.3831
940900	302575	28.8532
944675	302575	16.1975
937650	302600	8.10941
937775	302600	7.53646
938000	302600	4.62908
938175	302600	14.757
938375	302600	18.8289
938875	302600	21.7375
938900	302600	21.8231
938975	302600	21.9373
939025	302600	22.067
939300	302600	21.7259
939450	302600	28.8001
939725	302600	24.5237
937000	302625	6.59253
939000	302625	21.2533
939025	302625	21.239
939100	302625	21.4155
939225	302625	21.5059
939325	302625	21.1902
939350	302625	21.0172
939375	302625	20.8376
939525	302625	22.8493
939725	302625	25.363
939875	302625	27.0401
939925	302625	25.8281
940825	302625	30.5022
941075	302625	27.7402
937250	302650	4.76194
937750	302650	9.102
937800	302650	9.2057
938075	302650	11.4252
939050	302650	20.3874
941000	302650	30.3414
941100	302650	28.2195
942650	302650	17.482
945525	302650	12.0865
937550	302675	8.68298
938250	302675	20.734
939550	302675	25.4615
939925	302675	23.8392
941200	302675	25.4567
943575	302675	15.2024
938650	302700	19.42
939175	302700	19.3742
939250	302700	19.4145
939275	302700	19.7741
939425	302700	22.1349
939525	302700	25.976
939875	302700	23.9453
940425	302700	23.7661
940450	302700	24.6436
940525	302700	26.703
937075	302725	4.01126
938375	302725	23.8666
938425	302725	23.3577
939275	302725	19.4001
939400	302725	21.7581
939525	302725	27.12
939650	302725	28.916
939775	302725	23.4412
940625	302725	29.4922
937400	302750	7.4976
938625	302750	20.5819
939050	302750	17.4624
939275	302750	31.5659
939300	302750	32.0321
939325	302750	31.9272
939400	302750	30.4033
939425	302750	24.0489
939450	302750	25.3288
939825	302750	27.915
939900	302750	21.346
939950	302750	20.5098
940475	302750	25.8203
940900	302750	35.0342
937975	302775	31.5894
938175	302775	24.559
938325	302775	27.0461
938375	302775	26.2555
938400	302775	25.5601
938525	302775	23.047
938550	302775	22.4322
938675	302775	19.6791
938975	302775	13.1517
939125	302775	29.4153
939175	302775	30.3638
939225	302775	31.6105
939700	302775	30.7493
940550	302775	28.1361
941075	302775	34.4684
941975	302775	25.541
935375	302800	14.044
937775	302800	15.6082
937875	302800	25.142
938675	302800	19.5489
938950	302800	13.8067
938975	302800	13.6212
939025	302800	26.7411
939650	302800	32.2568
939675	302800	32.0532
941100	302800	34.8445
937100	302825	3.24697
938175	302825	28.1667
938200	302825	29.5552
938275	302825	31.021
938575	302825	22.4505
938675	302825	19.6552
939850	302825	29.1986
940775	302825	34.8036
941525	302825	29.2641
942225	302825	22.7796
942750	302825	16.1244
937575	302850	8.73276
937950	302850	32.2993
938325	302850	31.8387
938375	302850	29.9775
938600	302850	21.9007
939250	302850	36.4997
939275	302850	37.2746
939550	302850	34.1861
939650	302850	34.527
939725	302850	32.9977
939950	302850	26.856
937500	302875	2.12061
937975	302875	36.3
938075	302875	40.0124
938250	302875	34.7815
938325	302875	33.2095
938375	302875	31.2194
938425	302875	29.0007
939050	302875	30.2835
939325	302875	38.9057
939375	302875	37.8587
939700	302875	34.5024
939875	302875	29.2151
940600	302875	30.3874
940650	302875	31.7124
940675	302875	32.4763
940700	302875	33.2489
937425	302900	3.32549
938175	302900	33.5904
938525	302900	25.4169
939400	302900	37.9739
939475	302900	33.4174
939725	302900	34.6069
939750	302900	33.794
939825	302900	31.076
939875	302900	29.378
940725	302900	34.2241
940800	302900	36.7189
941950	302900	27.1876
942050	302900	25.856
938125	302925	31.2338
938275	302925	38.1362
938375	302925	33.3677
938475	302925	28.2829
938500	302925	27.1914
938600	302925	22.6622
939375	302925	40.1629
939675	302925	36.9726
939725	302925	35.2871
939850	302925	30.5448
940025	302925	24.8367
940100	302925	21.1182
941175	302925	36.7629
941225	302925	33.707
945025	302925	15.4462
936350	302950	14.5993
938175	302950	40.7677
938275	302950	39.6941
938325	302950	37.0513
938350	302950	35.615
938400	302950	32.805
938450	302950	29.9292
938525	302950	26.4702
938600	302950	22.8747
939250	302950	41.4499
939300	302950	42.426
939925	302950	28.2572
940100	302950	21.8608
940175	302950	19.2809
940200	302950	18.3599
938050	302975	46.1349
938225	302975	42.4193
938250	302975	41.7926
939350	302975	44.5303
939450	302975	40.3287
939525	302975	41.9933
939675	302975	38.2385
939700	302975	37.2932
939725	302975	36.2663
940125	302975	20.6486
940200	302975	19.2706
940225	302975	17.853
940575	302975	29.2171
941375	302975	39.2588
941900	302975	27.8459
936625	303000	13.9948
937500	303000	7.06518
937925	303000	33.2231
938475	303000	29.6938
938500	303000	28.2052
938525	303000	27.0568
939150	303000	37.9474
939200	303000	40.5276
939350	303000	46.7841
939700	303000	37.5948
939925	303000	28.0809
939950	303000	27.2001
940125	303000	21.0368
940150	303000	20.6081
940200	303000	19.8891
940250	303000	15.9044
940275	303000	16.4389
941025	303000	44.5329
937850	303025	31.8293
937975	303025	38.8212
938200	303025	49.0712
938375	303025	35.543
938425	303025	32.5745
938450	303025	31.2098
938625	303025	22.0652
939025	303025	30.1011
939400	303025	51.8325
939475	303025	48.0093
939750	303025	35.3182
939875	303025	29.8558
940075	303025	23.1491
940350	303025	19.3449
940925	303025	42.8966
938225	303050	44.9215
938325	303050	38.4831
938425	303050	32.5701
939000	303050	28.5572
939275	303050	43.3097
939350	303050	50.5993
939525	303050	50.5526
939800	303050	32.821
940125	303050	20.9264
940300	303050	18.963
940450	303050	21.1953
940700	303050	32.5443
941125	303050	50.3663
938200	303075	45.3751
938600	303075	23.2489
939000	303075	28.5516
939075	303075	32.3765
939200	303075	40.0647
939225	303075	41.1287
939250	303075	41.9827
939300	303075	45.3471
939450	303075	56.7257
939525	303075	51.9128
939775	303075	33.5915
939975	303075	25.7209
940000	303075	24.9155
940025	303075	24.1434
940050	303075	23.4026
940425	303075	19.9934
940525	303075	24.1852
940800	303075	36.5079
942700	303075	16.3663
938250	303100	38.487
938275	303100	38.3677
938350	303100	35.6064
938375	303100	34.3707
938425	303100	31.9006
938500	303100	27.7485
939100	303100	34.1535
939450	303100	63.3039
939750	303100	34.1528
940025	303100	23.8089
940575	303100	25.7293
941125	303100	59.6173
937875	303125	34.0974
938175	303125	35.7978
938475	303125	28.6977
938500	303125	27.4158
939100	303125	33.6505
939275	303125	40.655
939325	303125	44.6925
939675	303125	36.0821
939775	303125	32.2988
940950	303125	42.6132
937850	303150	32.8213
937875	303150	33.7762
938450	303150	29.3317
938500	303150	26.9594
938575	303150	23.7411
938850	303150	17.8774
939150	303150	35.1594
939425	303150	50.9502
939525	303150	47.3572
939575	303150	38.6709
939625	303150	35.8035
939825	303150	29.3316
939900	303150	26.8106
940100	303150	20.5296
940400	303150	20.397
940925	303150	40.4718
940975	303150	41.9408
937725	303175	25.7915
938075	303175	35.1993
938125	303175	19.9129
938250	303175	32.14
938325	303175	32.273
938400	303175	30.234
938775	303175	19.0936
939125	303175	33.0777
939700	303175	32.7594
939775	303175	30.335
940275	303175	20.7338
940325	303175	21.1017
940800	303175	32.6415
940975	303175	40.5604
938000	303200	34.2016
938200	303200	27.1404
938300	303200	30.6482
938325	303200	30.475
938750	303200	19.5423
939275	303200	34.6855
939300	303200	33.9187
939400	303200	42.3737
939675	303200	31.5275
939900	303200	25.3173
939950	303200	23.8764
939975	303200	23.1859
940275	303200	20.5316
940600	303200	21.7829
941050	303200	39.8947
937700	303225	23.3703
938550	303225	23.4209
938750	303225	19.3292
938975	303225	16.0327
939200	303225	32.3112
939450	303225	45.1655
939500	303225	45.1681
940125	303225	14.8937
940275	303225	20.3002
940375	303225	21.1685
937700	303250	22.9674
937800	303250	27.9802
938150	303250	18.4648
938200	303250	22.9688
938300	303250	26.649
938400	303250	26.2596
938425	303250	26.0257
938500	303250	24.5341
938525	303250	23.8764
938550	303250	22.7402
938725	303250	19.3964
938850	303250	17.4445
939400	303250	39.2048
939475	303250	43.1873
939725	303250	29.9997
939750	303250	28.9816
939925	303250	21.9702
940200	303250	18.8437
940225	303250	19.2839
940400	303250	21.0349
940625	303250	19.3643
940850	303250	29.4184
941525	303250	33.8045
937825	303275	27.695
938450	303275	26.8757
938500	303275	25.6711
938875	303275	16.7846
939150	303275	28.0902
939175	303275	28.3954
939225	303275	22.4224
939375	303275	35.5684
939625	303275	34.976
940000	303275	19.9074
940050	303275	17.9215
941625	303275	31.2836
938200	303300	18.9301
938250	303300	27.2351
938450	303300	27.7978
938600	303300	22.8928
938700	303300	19.6212
938775	303300	17.9813
939300	303300	28.1464
939325	303300	30.3792
939425	303300	37.506
939650	303300	33.4161
939975	303300	20.9621
940000	303300	20.1524
940200	303300	17.8666
940225	303300	18.2793
940475	303300	20.5157
940900	303300	25.7492
941250	303300	34.4552
938050	303325	25.9007
938275	303325	28.7882
938900	303325	15.9404
939175	303325	20.721
939475	303325	37.2526
939775	303325	28.7888
939825	303325	26.8157
940000	303325	20.0095
940175	303325	16.8776
940275	303325	18.6435
940350	303325	19.9324
938425	303350	30.427
938700	303350	20.1153
939550	303350	35.358
939775	303350	28.8335
940075	303350	16.5668
940475	303350	19.8738
937650	303375	13.3836
938500	303375	29.397
938750	303375	18.1365
938875	303375	28.8002
940050	303375	16.7682
941000	303375	14.4748
937975	303400	23.1661
938475	303400	31.0764
938750	303400	17.9422
939275	303400	27.0382
940050	303400	16.355
940125	303400	15.0714
940200	303400	15.3487
940425	303400	18.6386
937900	303425	21.6139
938450	303425	33.2013
938800	303425	28.8976
938975	303425	31.9367
939100	303425	28.9947
939500	303425	33.5013
939700	303425	30.6534
940025	303425	17.4992
940225	303425	15.1729
940325	303425	16.8586
941425	303425	25.6664
937875	303450	19.9864
938025	303450	17.9018
938275	303450	34.8803
938400	303450	36.3076
938850	303450	31.9498
938875	303450	32.7428
939175	303450	26.8219
939575	303450	32.5128
939625	303450	31.8129
939875	303450	24.6084
940250	303450	14.7789
940325	303450	16.0716
941725	303450	24.7984
937800	303475	15.1131
937825	303475	14.85
938400	303475	37.967
938425	303475	36.7817
938500	303475	32.1773
938875	303475	34.1779
939000	303475	34.0566
939025	303475	33.6356
939100	303475	30.9087
940675	303475	14.0963
938200	303500	24.2331
938225	303500	33.7913
938275	303500	37.9859
938400	303500	39.4734
938425	303500	38.0527
938475	303500	34.4652
938550	303500	28.553
938825	303500	33.6188
939025	303500	34.7223
939125	303500	30.6133
939825	303500	26.2847
940000	303500	17.2878
940325	303500	14.2758
940600	303500	15.6351
942325	303500	15.0926
938350	303525	42.7028
938450	303525	36.9779
938475	303525	34.7595
938525	303525	30.3379
938900	303525	37.5328
939425	303525	29.3999
939575	303525	30.2681
939725	303525	28.2927
939925	303525	21.1809
940175	303525	11.1875
940275	303525	12.3922
940300	303525	12.6443
940700	303525	12.718
941375	303525	18.6508
939175	303550	28.9468
939375	303550	18.0402
940250	303550	11.1579
940400	303550	13.4207
941475	303550	16.7683
937825	303575	14.4957
938300	303575	45.0963
938775	303575	33.9038
939025	303575	38.4282
939150	303575	30.8948
939500	303575	28.707
939700	303575	27.6343
940175	303575	9.7071
940300	303575	10.5745
940675	303575	11.9069
935525	303600	18.3233
938350	303600	53.7115
938475	303600	32.3649
938500	303600	29.7454
938850	303600	39.9781
939025	303600	39.3812
939675	303600	27.4379
940125	303600	8.54677
940275	303600	9.53004
938225	303625	42.4168
938375	303625	54.7963
938450	303625	36.5065
938800	303625	37.1317
938925	303625	42.6978
940125	303625	7.61209
940300	303625	8.63874
940350	303625	8.94464
940450	303625	10.0603
937800	303650	18.8136
938800	303650	37.047
938825	303650	38.7528
939000	303650	41.0879
940525	303650	1.85346
941750	303650	14.1216
942225	303650	14.1526
938825	303675	38.4699
939425	303675	9.8755
939550	303675	10.1652
939750	303675	25.0445
940225	303675	6.04887
940275	303675	6.08117
940750	303675	3.5512
937700	303700	20.4241
938275	303700	54.712
938350	303700	58.6021
938750	303700	17.0816
939125	303700	34.3383
939175	303700	32.2215
939500	303700	10.3482
939550	303700	10.5197
939750	303700	7.97808
940200	303700	4.37423
939100	303725	37.0423
939200	303725	32.0641
939750	303725	10.8963
940400	303725	4.60737
937775	303750	21.6462
937875	303750	22.536
938975	303750	48.1693
939000	303750	46.2163
939050	303750	41.9682
939075	303750	40.0586
939475	303750	11.0898
939725	303750	11.2625
940275	303750	1.55066
938550	303775	36.3523
938925	303775	56.455
938950	303775	55.8505
938325	303800	40.6998
939300	303800	30.0096
939400	303800	11.677
939550	303800	11.9617
938600	303825	32.8134
939025	303825	45.5343
939075	303825	41.1168
939400	303825	27.786
939600	303825	12.386
940350	303825	7.10569
940750	303825	-0.183661
939175	303850	34.3151
940375	303850	7.88116
939400	303875	27.7125
939950	303875	11.4637
939975	303875	11.3361
940775	303875	-1.99262
938650	303900	28.7387
939300	303900	29.721
938100	303925	31.1701
938750	303925	36.956
939725	303925	13.2683
940425	303925	4.98882
938150	303950	32.0727
938825	303950	40.9812
938875	303950	41.9565
939000	303950	37.8739
939350	303950	28.0705
938425	303975	28.9139
939250	303975	29.3404
939300	303975	28.5618
939375	303975	12.9085
937775	304000	14.3722
937975	304000	23.0984
938200	304000	30.4679
938525	304000	28.2051
938700	304000	32.6472
938750	304000	35.8622
939200	304000	29.1708
939325	304000	27.6718
939525	304000	11.5405
939850	304000	13.116
940500	304000	7.55938
938300	304025	21.7812
938525	304025	27.1253
938900	304025	39.0256
938925	304025	38.6873
938950	304025	38.0351
939425	304025	12.4749
937950	304050	21.2159
938700	304050	31.4247
939175	304050	27.6062
939450	304050	12.1193
939875	304050	13.4538
943400	304050	39.8455
937425	304075	19.2934
938125	304075	26.3249
938400	304075	23.331
938525	304075	25.0842
939025	304075	32.6949
939250	304075	26.6223
939425	304075	12.4786
940025	304075	12.7844
938775	304100	32.7178
938800	304100	33.4302
938825	304100	33.9842
938975	304100	33.304
939000	304100	32.4625
939325	304100	13.0522
939425	304100	12.174
937750	304125	14.7174
938075	304125	23.9587
938725	304125	29.9853
939000	304125	31.3001
939275	304125	13.754
939775	304125	15.0872
938100	304150	23.0991
938850	304150	31.6834
938975	304150	30.8404
939350	304150	12.8579
938300	304175	22.06
938525	304175	21.462
938800	304175	29.8494
938825	304175	30.4406
938900	304175	30.7006
939250	304175	13.9188
938425	304200	22.962
938450	304200	22.8096
938775	304200	19.9262
939125	304200	15.6239
939175	304200	14.8811
939675	304200	16.5531
939825	304200	15.2479
937225	304250	14.1427
937600	304250	7.1207
938750	304250	19.079
938800	304250	18.6354
939150	304250	14.8459
939725	304250	16.3023
940200	304250	11.4806
937225	304275	12.4345
939650	304275	17.4511
939975	304275	14.1437
936975	304300	16.6692
938275	304300	25.0851
938850	304300	17.5302
939050	304300	15.6401
939675	304300	17.1292
937275	304325	11.6011
937500	304325	7.68041
937725	304325	9.9315
939025	304325	15.628
939250	304325	13.556
939600	304325	18.6596
940125	304325	13.2288
940150	304325	12.8308
941750	304325	6.38957
937250	304350	12.0557
937950	304350	20.1729
939550	304375	10.4122
939675	304375	18.2932
940000	304375	14.3042
938000	304400	21.8613
938725	304400	22.6313
939200	304400	13.4876
937950	304425	21.0561
938700	304425	24.9652
938925	304425	15.1356
939800	304425	15.8032
940000	304425	14.7117
937450	304450	8.15452
938025	304450	22.8497
939975	304450	14.9035
937600	304475	11.5971
937400	304500	8.92181
937950	304500	21.2204
939150	304500	26.9605
939475	304500	22.0151
937450	304525	7.81398
938025	304525	23.3253
938800	304525	29.4333
938875	304525	30.1279
938900	304525	30.3226
939400	304525	23.543
937550	304550	5.71598
937150	304575	14.0849
937375	304575	9.0806
937475	304575	7.34739
938850	304600	34.9969
938875	304600	34.4499
938950	304600	32.7298
937550	304625	5.09192
939075	304625	30.8266
939350	304625	25.1895
939375	304625	24.7198
939800	304625	17.1602
938775	304650	41.3131
937625	304675	11.4442
938925	304675	35.6134
938150	304700	26.8924
938350	304700	35.1405
937575	304725	9.10895
937850	304725	18.042
937900	304725	19.3758
937975	304725	21.382
938250	304725	30.3782
938600	304725	55.3279
938975	304725	34.0982
939800	304725	17.2148
937325	304750	11.5447
938825	304775	42.6387
938950	304775	34.8016
937800	304800	16.2476
938850	304800	39.7441
938950	304800	34.3346
939300	304800	25.9171
938750	304825	42.9878
939000	304850	32.0799
937500	304875	4.7159
938975	304875	31.8499
938550	304900	40.4152
938575	304900	42.0475
942475	304900	5.86346
938725	304925	37.367
938825	304925	28.5556
937850	304950	15.0393
944075	304950	24.8817
944400	304950	23.8326
938025	304975	17.568
938700	304975	36.5079
938050	305025	19.0488
938675	305025	36.0466
942800	305025	3.22326
938425	305050	32.3927
938700	305075	33.6442
939675	305075	16.444
940000	305075	13.4931
938175	305100	23.3037
941475	305100	15.7621
942500	305100	1.33609
937725	305125	8.64955
938550	305175	31.0676
940100	305225	10.9588
940675	305225	7.49733
942775	305225	11.0812
943800	305225	18.0115
934750	305250	12.386
938200	305300	22.0721
938275	305300	23.5539
940125	305300	9.75565
941375	305300	17.9356
943200	305325	13.1197
940425	305350	16.0946
938175	305375	20.4488
938625	305375	24.9559
939350	305375	12.5769
940225	305375	7.72642
940325	305425	15.3998
938275	305450	20.8773
940775	305450	18.3922
943825	305475	15.5347
937975	305500	15.4407
940200	305500	14.0876
940300	305500	15.0403
940650	305500	17.9438
940700	305500	18.2419
943625	305500	-5.24348
938675	305525	21.134
944325	305525	18.102
938050	305550	16.0912
938625	305550	20.9487
938625	305575	20.6528
940275	305600	14.3727
940350	305600	15.38
941000	305600	21.0711
940350	305650	15.4302
938050	305675	14.8138
940375	305675	15.7202
941600	305675	21.8469
944025	305675	15.365
938275	305700	17.0086
938525	305700	18.4281
938800	305725	14.9867
940450	305725	15.7437
938700	305750	16.8857
940575	305750	17.3947
938225	305775	15.4082
941125	305800	23.4134
938325	305825	15.4794
938575	305825	16.307
941075	305850	23.1729
941100	305850	23.373
938075	305875	4.64612
938125	305900	4.44122
938500	305900	14.8861
937900	305925	6.68365
938375	305925	13.9977
940875	305950	20.545
938300	305975	3.45077
938450	306000	13.0656
940875	306000	20.1702
934425	306025	9.72341
943400	306025	17.8371
938600	306050	12.4229
940875	306050	19.6723
943750	306050	15.4303
941725	306075	27.8701
938275	306100	4.62443
940700	306100	17.7697
941650	306100	29.4336
940700	306125	17.3889
941700	306150	29.9638
938200	306175	5.84934
942525	306175	24.4025
938550	306225	2.69341
944400	306275	11.9004
936300	306300	21.1067
942550	306375	27.5401
935525	306450	13.8341
938150	306575	22.1634
938275	306625	24.9857
938225	306675	25.2464
936000	306725	17.2603
937775	306750	11.6249
937925	306775	20.2446
937875	306800	19.453
935150	306825	9.98405
944175	306900	13.2707
937975	306925	21.6429
935000	307025	8.38407
944575	307125	9.70215
943925	307175	13.3851
934325	307275	5.97888
935375	307300	10.6065
935275	307325	9.81538
939050	307950	16.8012
939325	307950	14.1501
936450	308050	10.2224
937825	308075	6.72286
939375	308150	11.6242
939400	308150	11.3698
937175	308350	7.68455
937775	308375	5.67391
940300	308600	-5.19089
937750	308700	4.38366
940425	308700	-4.65684
937475	308750	4.93483
938025	308750	3.17655
937950	308800	3.27968
937475	308850	4.47481
937650	308850	4.04073
937675	308850	3.97161
940700	309075	-8.27792
937475	309150	3.16211
937450	309325	2.46658
940500	309350	-7.6644
