ndMailleX;582
ndMailleY;800
Xmin;933225
Ymin;2289875
Pdm;25

IndiceMailleY;IndiceMailleX;Station1;PPC1;Station2;PPC2;Station3;PPC3;Station4;PPC4;...;
26;466;31;0
56;460;28;0
88;481;30;0
95;470;28;0
136;252;25;0
143;218;25;0
143;475;30;0
147;261;25;0
149;233;25;0
150;467;30;0
152;534;30;0
153;457;30;0
154;249;25;0
156;315;25;0
157;485;30;0
165;318;25;0
168;259;25;0
171;199;25;0
171;258;25;0
179;250;25;0
179;309;25;0
180;235;25;0
183;283;25;0
191;185;25;0
192;185;25;0
192;282;25;0
195;455;30;0
198;435;30;0
198;447;30;0
200;443;30;0
203;442;30;0
211;484;30;0
219;242-1;;;0
229;494;30;0
237;448;30;0
241;523;30;0
242;275;25;0
247;247;25;0
248;276;25;0
257;276;25;0
258;257;25;0
264;256;25;0
270;513;30;0
271;479;30;0
273;254;25;0
274;385-1;;;0
275;299;25;0
276;325;25;0
278;297;25;0
280;217;25;0
280;260;25;0
281;323;25;0
283;277;25;0
286;226;25;0
290;252;25;0
290;300;25;0
292;328;25;0
293;257;25;0
297;286;25;0
297;289;25;0
298;275;25;0
298;380-1;;;0
299;246;25;0
301;264;24;0
301;346;25;0
301;362;25;0
301;363;25;0
304;263;24;0
304;356;25;0
304;554;30;0
307;224;25;0
307;263;24;0
307;293;25;0
308;278;24;0
308;367;25;0
312;264;24;0
313;281;24;0
314;283;24;0
321;264;24;0
323;235;25;0
324;226;25;0
328;321;24;0
329;222;25;0
330;267;24;0
330;424-1;;;0
334;260;24;0
334;330;24;0
335;263;24;0
336;259;24;0
340;260;24;0
341;273;24;0
342;275;24;0
343;259;24;0
344;263;24;0
345;256;24;0
345;260;24;0
345;269;24;0
346;262;24;0
347;267;24;0
347;279;24;0
348;258;24;0
348;279;24;0
349;267;24;0
350;279;24;0
351;141-1;;;0
355;256;24;0
356;264;24;0
358;257;24;0
358;258;24;0
359;165;11;0
359;256;24;0
361;284;24;0
361;285;24;0
361;287;24;0
361;396-1;;;0
362;326;24;0
365;264;24;0
365;292;24;0
366;294;24;0
368;326-1;;;0
369;325-1;;;0
370;150;11;0
370;295;24;0
371;265;24;0
371;272;24;0
371;273;24;0
371;348-1;;;0
372;270;24;0
372;304;23;0
372;314;23;0
373;302;23;0
374;166;11;0
374;260;24;0
374;267;24;0
374;271;24;0
374;312;23;0
374;319;23;0
375;275;24;0
375;303;24;0
377;166;11;0
377;267;24;0
377;269;24;0
380;273;24;0
381;431;29;0
382;271;24;0
385;222-1;;;0
386;143;11;0
386;233-1;;;0
387;257;24;0
388;256;24;0
389;256;24;0
392;271;24;0
396;168;11;0
398;397;29;0
400;178;11;0
402;255;24;0
402;459;29;0
403;157;11;0
403;178;11;0
405;137;15;0
405;160;11;0
405;201;11;0
405;206;11;0
405;419;29;0
407;421;29;0
408;262;24;0
408;437;29;0
409;169;11;0
410;215;11;0
410;254;24;0
411;257;24;0
411;260;24;0
413;277;24;0
413;284;15;0
414;172;11;0
414;433;29;0
415;174;11;0
415;265;24;0
417;265;15;0
418;207;11;0
418;282;22;0
418;475;29;0
419;278;22;0
420;169;11;0
421;292;23;0
421;408;29;0
422;144;11;0
422;171;11;0
422;237;23;0
422;278;22;0
423;261;15;0
423;270;22;0
423;281;22;0
423;293;23;0
425;133;15;0
425;143;11;0
425;159;11;0
425;174;11;0
426;208;11;0
426;276;23;0
426;295;23;0
427;393;26;0
428;244;23;0
428;254;23;0
428;299;23;0
429;255;23;0
430;255;23;0
431;274;23;0
431;284;23;0
432;292;23;0
433;253;23;0
433;276;23;0
433;282;23;0
434;233;23;0
434;287;23;0
435;170;11;0
435;260;23;0
436;174;15;0
437;259;23;0
437;261;23;0
437;270;23;0
438;182;11;0
438;234;23;0
438;254;23;0
438;263;23;0
439;196;11;0
439;233;23;0
440;249;23;0
440;272;23;0
441;195;11;0
441;235;23;0
441;238;23;0
441;272;23;0
441;292;23;0
442;209;15;0
442;212;15;0
442;243;23;0
442;273;23;0
443;234;23;0
444;188;11;0
444;289;23;0
444;300;23;0
445;188;15;0
446;173;11;0
446;247;23;0
446;262;23;0
446;270;23;0
447;172;15;0
447;173;11;0
447;177;11;0
447;219;15;0
447;246;23;0
447;260;23;0
447;267;23;0
448;186;15;0
448;283;23;0
449;162;15;0
449;262;23;0
449;264;23;0
449;265;23;0
450;257;23;0
450;271;23;0
450;274;23;0
451;162;15;0
451;198;15;0
451;204;15;0
451;208;15;0
451;233;23;0
452;163;15;0
452;238;23;0
452;253;23;0
453;223;15;0
453;231;23;0
453;232;23;0
453;237;23;0
453;239;23;0
454;271;23;0
455;212;15;0
456;224;15;0
456;234;23;0
457;211;15;0
457;222;15;0
458;239;23;0
458;267;23;0
459;189;15;0
459;235;23;0
459;242;23;0
459;269;23;0
460;224;15;0
460;267;23;0
460;270;23;0
461;173;15;0
462;216;15;0
462;263;23;0
462;265;23;0
462;270;23;0
463;170;15;0
463;193;15;0
463;228;15;0
463;263;23;0
463;265;23;0
463;267;23;0
463;269;23;0
464;233;15;0
464;240;23;0
465;178;15;0
465;260;23;0
465;262;23;0
465;265;23;0
465;273;23;0
466;224;15;0
466;241;23;0
466;259;23;0
466;263;23;0
466;266;23;0
467;179;15;0
467;226;15;0
467;242;23;0
467;259;23;0
467;260;23;0
467;267;23;0
467;268;23;0
467;274;23;0
468;225;15;0
468;228;15;0
468;263;23;0
468;265;23;0
468;468;29;0
469;227;15;0
469;259;23;0
469;262;23;0
470;218;15;0
470;258;23;0
471;197;15;0
471;220;15;0
471;228;15;0
471;246;23;0
471;273;23;0
472;200;15;0
472;220;15;0
472;221;15;0
472;222;15;0
472;224;15;0
472;253;23;0
472;257;23;0
473;221;15;0
473;225;15;0
473;250;23;0
473;278;23;0
474;236;15;0
474;259;23;0
474;275;23;0
475;206;15;0
475;243;15;0
475;257;23;0
475;263;23;0
475;265;23;0
475;273;23;0
476;148;15;0
476;150;15;0
476;178;15;0
476;238;15;0
476;244;15;0
476;263;23;0
476;275;23;0
476;470;29;0
477;252;22;0
477;256;22;0
477;260;23;0
477;276;23;0
477;278;23;0
478;230;15;0
478;254;22;0
478;275;23;0
478;488;29;0
479;201;15;0
479;240;15;0
479;264;23;0
479;273;23;0
480;129;15;0
480;148;15;0
480;239;15;0
480;267;23;0
480;282;26;0
481;218;15;0
481;221;15;0
481;233;15;0
481;262;22;0
481;269;23;0
482;232;15;0
482;260;22;0
483;145;15;0
483;164;15;0
483;201;15;0
483;224;15;0
483;230;15;0
483;241;15;0
483;242;15;0
483;260;22;0
484;154;15;0
484;169;15;0
484;285;26;0
485;165;15;0
485;231;15;0
485;233;15;0
485;241;15;0
485;242;15;0
485;249;22;0
485;265;22;0
485;279;26;0
486;231;15;0
486;254;22;0
486;268;22;0
486;274;23;0
486;280;26;0
486;512;29;0
487;92;8;0
487;140;15;0
487;165;15;0
487;239;15;0
487;264;22;0
487;267;22;0
487;273-1;;;0
487;513;29;0
488;105;8;0
488;248;22;0
488;255;22;0
488;259;22;0
488;267;22;0
488;271-1;;;0
488;277;26;0
489;109;8;0
489;150;15;0
489;218;15;0
489;228;15;0
489;234;15;0
489;251;22;0
489;460;29;0
490;100;8;0
490;145;15;0
490;227;15;0
490;230;15;0
490;237;15;0
490;239;15;0
490;279;26;0
491;160;15;0
491;204;15;0
491;246;22;0
491;258;22;0
491;271;22;0
491;272-1;;;0
492;114;8;0
492;229;15;0
492;234;15;0
492;237;15;0
492;238;15;0
492;254;22;0
492;260;22;0
492;281;26;0
492;284;26;0
492;285;26;0
493;135;15;0
493;139;15;0
493;140;15;0
493;154;15;0
493;204;15;0
493;214;15;0
493;233;15;0
493;234;15;0
493;235;15;0
493;289;26;0
494;110;8;0
494;145;15;0
494;194;15;0
494;262;22;0
494;270;22;0
494;273;22;0
494;282;26;0
495;149;15;0
495;213;15;0
495;221;15;0
495;227;15;0
495;230;15;0
495;247;22;0
495;248;22;0
495;251;22;0
496;119;15;0
496;169;15;0
496;221;15;0
496;233;15;0
496;235;15;0
496;246;22;0
496;265;22;0
496;266;22;0
496;268;22;0
496;361;26;0
497;150;15;0
497;186;15;0
497;205;15;0
497;214;15;0
497;215;15;0
497;225;15;0
497;227;15;0
497;236;15;0
497;237;15;0
497;259;22;0
497;288;26;0
497;464;29;0
498;165;15;0
498;259;22;0
498;262;22;0
499;152;15;0
499;155;15;0
499;186;15;0
499;189;15;0
499;218;15;0
499;229;15;0
499;262;22;0
499;268;22;0
500;169;15;0
500;189;15;0
500;197;15;0
500;205;15;0
500;234;15;0
500;240;22;0
500;243;22;0
500;254;22;0
500;259;22;0
500;269;22;0
501;176;15;0
501;182;15;0
501;226;15;0
501;236;15;0
501;237;15;0
501;246;22;0
502;121;8;0
502;141;15;0
502;177;15;0
502;182;15;0
502;244;22;0
502;245;22;0
502;288;26;0
502;291;26;0
503;132;8;0
503;162;15;0
503;202;13;0
503;224;15;0
503;226;15;0
503;245;22;0
503;247;22;0
503;252;22;0
503;266;22;0
503;269;22;0
503;299;26;0
504;173;15;0
504;174;15;0
504;181;15;0
504;287;26;0
504;311;26;0
505;150;15;0
505;158;13;0
505;182;15;0
505;234;15;0
505;236;15;0
505;246;22;0
505;247;22;0
506;131;8;0
506;186;13;0
506;220;13;0
506;237;15;0
506;243;22;0
506;246;22;0
506;251;22;0
506;269;22;0
506;304;26;0
507;182;13;0
507;195;13;0
507;231;15;0
507;237;15;0
507;243;22;0
507;258;22;0
507;266;22;0
507;304;26;0
508;176;13;0
508;201;13;0
508;222;13;0
508;236;15;0
508;242;15;0
508;243;15;0
508;244;22;0
508;248;22;0
508;267;22;0
508;307;26;0
508;458;29;0
509;177;13;0
509;182;13;0
509;191;13;0
509;198;13;0
509;206;13;0
509;226;15;0
509;227;15;0
509;230;15;0
509;232;15;0
509;243;15;0
509;249;22;0
509;260;21;0
510;151;15;0
510;231;15;0
510;232;15;0
510;235;15;0
510;240;15;0
510;244;15;0
510;245;15;0
510;246;15;0
510;252;21;0
510;260;21;0
510;266;22;0
510;268;22;0
510;304;26;0
510;314;26;0
511;161;13;0
511;181;13;0
511;183;13;0
511;194;13;0
511;233;15;0
511;311;26;0
511;315;26;0
511;377;26;0
511;492;29;0
512;173;13;0
512;201;13;0
512;253;21;0
512;268;22;0
512;319;26;0
512;414;29;0
513;217;13;0
513;238;15;0
513;241;15;0
513;242;15;0
513;248;21;0
513;252;21;0
513;266;22;0
513;288;26;0
513;289;26;0
513;292;26;0
514;154;15;0
514;206;13;0
514;208;13;0
514;242;15;0
514;247;21;0
514;252;21;0
514;257;21;0
514;262;22;0
514;296;26;0
515;167;13;0
515;216;13;0
515;233;15;0
515;242;21;0
515;243;21;0
515;244;21;0
515;247;21;0
515;248;21;0
515;249;21;0
515;264;21;0
515;267;22;0
515;269;22;0
515;290;26;0
515;307;26;0
516;190;13;0
516;198;13;0
516;204;13;0
516;206;13;0
516;207;13;0
516;212;13;0
516;213;13;0
516;218;13;0
516;230;13;0
516;236;21;0
516;238;21;0
516;240;21;0
516;259;21;0
516;293;26;0
516;314;26;0
516;350;26;0
517;86;8;0
517;182;13;0
517;186;13;0
517;218;13;0
517;229;13;0
517;230;13;0
517;232;21;0
517;257;21;0
517;258;21;0
517;315;26;0
518;155;14;0
518;198;13;0
518;199;13;0
518;202;13;0
518;214;13;0
518;218;13;0
518;265;21;0
518;302;26;0
518;332;26;0
518;360;26;0
518;381;26;0
519;174;15;0
519;189;13;0
519;204;13;0
519;206;13;0
519;215;13;0
519;241;21;0
519;242;21;0
519;253;21;0
519;257;21;0
519;260;21;0
519;269;21;0
520;171;14;0
520;190;13;0
520;194;13;0
520;201;13;0
520;204;13;0
520;206;13;0
520;208;13;0
520;233;21;0
520;244;21;0
520;246;21;0
520;259;21;0
520;266;21;0
520;295;26;0
520;297;26;0
520;298;26;0
520;299;26;0
521;168;14;0
521;198;13;0
521;212;13;0
521;247;21;0
521;250;21;0
521;260;21;0
521;261;21;0
521;264;21;0
521;266;21;0
521;300;26;0
521;303;26;0
521;349;26;0
521;353;26;0
522;196;13;0
522;202;13;0
522;206;13;0
522;210;13;0
522;211;13;0
522;215;13;0
522;246;21;0
522;258;21;0
522;260;21;0
522;265;21;0
522;272;21;0
522;275;21;0
522;318;26;0
522;320;26;0
522;472;29;0
523;125;8;0
523;198;13;0
523;202;13;0
523;204;13;0
523;205;13;0
523;207;13;0
523;209;13;0
523;212;13;0
523;215;13;0
523;241;21;0
523;243;21;0
523;268;21;0
523;275;21;0
523;278;26;0
523;279;26;0
524;193;13;0
524;200;13;0
524;201;13;0
524;245;21;0
524;249;21;0
524;252;21;0
524;258;21;0
524;259;21;0
524;260;21;0
524;276-1;;;0
524;279;26;0
524;280;26;0
524;294;26;0
524;326;26;0
524;347;26;0
525;136;8;0
525;171;14;0
525;188;13;0
525;210;13;0
525;211;13;0
525;212;13;0
525;237;21;0
525;239;21;0
525;245;21;0
525;259;21;0
525;268;21;0
525;269;21;0
525;276-1;;;0
525;277;26;0
525;279;26;0
525;281;26;0
525;282;26;0
525;312;26;0
526;185;13;0
526;190;13;0
526;199;13;0
526;206;13;0
526;208;13;0
526;209;13;0
526;216;13;0
526;232;21;0
526;247;21;0
526;250;21;0
526;261;21;0
526;266;21;0
526;274;21;0
526;285;26;0
526;308;26;0
527;200;13;0
527;204;13;0
527;208;13;0
527;231;21;0
527;242;21;0
527;245;21;0
527;252;21;0
527;263;21;0
527;276-1;;;0
527;283;26;0
527;289;26;0
527;299;26;0
527;316;26;0
528;199;13;0
528;215;13;0
528;231;21;0
528;234;21;0
528;239;21;0
528;240;21;0
528;241;21;0
528;243;21;0
528;249;21;0
528;252;21;0
528;262;21;0
528;270;21;0
528;271;21;0
528;272;21;0
528;273;21;0
528;288;26;0
528;292;26;0
528;303;26;0
528;379;26;0
529;201;13;0
529;202;13;0
529;205;13;0
529;206;13;0
529;208;13;0
529;211;13;0
529;235;21;0
529;249;21;0
529;261;21;0
529;272;21;0
529;294;26;0
529;316;26;0
530;186;13;0
530;198;13;0
530;210;13;0
530;211;13;0
530;235;21;0
530;242;21;0
530;244;21;0
530;258;21;0
530;262;21;0
530;309;26;0
531;185;13;0
531;186;13;0
531;209;13;0
531;211;13;0
531;214;13;0
531;225;13;0
531;237;21;0
531;248;21;0
531;252;21;0
531;254;21;0
531;256;21;0
531;264;21;0
531;267;21;0
531;275;21;0
531;287;26;0
531;308;26;0
531;310;26;0
532;180;13;0
532;194;13;0
532;196;13;0
532;201;13;0
532;204;13;0
532;207;13;0
532;222;13;0
532;236;21;0
532;259;21;0
532;262;21;0
532;282;26;0
532;284;26;0
532;303;26;0
532;310;26;0
533;191;13;0
533;199;13;0
533;203;13;0
533;204;13;0
533;221;13;0
533;242;21;0
533;243;21;0
533;247;21;0
533;258;21;0
533;267;21;0
533;269;21;0
533;270;21;0
533;282;26;0
533;295;26;0
533;313;26;0
534;179;13;0
534;213;13;0
534;221;13;0
534;230;13;0
534;239;21;0
534;249;21;0
534;251;21;0
534;276;21;0
534;282;26;0
534;286;26;0
535;179;13;0
535;183;13;0
535;197;13;0
535;199;13;0
535;203;13;0
535;207;13;0
535;208;14;0
535;211;14;0
535;212;14;0
535;213;14;0
535;220;13;0
535;225;13;0
535;247;21;0
535;250;21;0
535;260;21;0
535;261;21;0
535;268;21;0
535;279;26;0
535;280;26;0
535;287;26;0
535;296;26;0
535;305;26;0
535;332;26;0
536;184;13;0
536;209;14;0
536;211;14;0
536;226;13;0
536;237;21;0
536;238;21;0
536;240;21;0
536;246;21;0
536;256;21;0
536;271;21;0
536;273;21;0
536;336;26;0
537;199;13;0
537;201;14;0
537;209;14;0
537;215;14;0
537;219;14;0
537;222;13;0
537;243;21;0
537;244;21;0
537;248;21;0
537;257;21;0
537;270;21;0
537;271;21;0
537;279;26;0
537;280;26;0
537;290;26;0
537;307;26;0
537;321;26;0
538;193;13;0
538;202;14;0
538;227;13;0
538;238;21;0
538;250;21;0
538;262;21;0
538;264;21;0
538;271;21;0
538;278;26;0
538;282;26;0
538;285;26;0
539;208;14;0
539;219;14;0
539;253;21;0
539;262;21;0
539;274;21;0
539;290;26;0
540;177;14;0
540;211;14;0
540;221;14;0
540;226;18;0
540;273;21;0
540;311;26;0
541;190;13;0
541;210;14;0
541;221;14;0
541;242;21;0
541;273;21;0
541;276;21;0
541;279;26;0
541;288;26;0
542;187;13;0
542;209;14;0
542;223;18;0
542;230;18;0
542;235;18;0
542;251;21;0
542;259;21;0
542;272;21;0
542;280;26;0
542;284;26;0
542;328;26;0
543;186;13;0
543;192;14;0
543;202;14;0
543;207;14;0
543;225;18;0
543;226;18;0
543;238;18;0
543;254;21;0
543;256;21;0
543;266;21;0
543;281;26;0
543;284;26;0
543;340;26;0
544;183;14;0
544;184;14;0
544;207;14;0
544;208;14;0
544;211;14;0
544;226;18;0
544;231;18;0
544;232;18;0
544;235;18;0
544;298;26;0
545;199;14;0
545;200;14;0
545;202;14;0
545;207;14;0
545;208;14;0
545;210;14;0
545;213;14;0
545;224;18;0
545;232;18;0
545;236;18;0
545;264;21;0
545;271;21;0
545;284;26;0
545;295;26;0
545;364;26;0
546;205;14;0
546;209;14;0
546;210;14;0
546;212;14;0
546;227;18;0
546;248;21;0
546;254;21;0
546;260;21;0
546;268;21;0
546;278;26;0
546;282;26;0
546;283;26;0
546;299;26;0
546;326;26;0
547;238;18;0
547;246;18;0
547;281;26;0
547;287;26;0
547;330;26;0
548;184;14;0
548;203;14;0
548;222;18;0
548;232;18;0
548;237;18;0
548;251;21;0
548;259;21;0
548;278;26;0
548;283;26;0
548;298;26;0
549;92;8;0
549;205;14;0
549;210;14;0
549;211;14;0
549;225;18;0
549;232;18;0
549;258;21;0
549;276;26;0
549;282;26;0
550;200;14;0
550;206;14;0
550;209;14;0
550;223;18;0
550;228;18;0
550;276;26;0
550;283;26;0
550;285;26;0
550;289;26;0
551;183;14;0
551;223;18;0
551;224;18;0
551;231;18;0
551;292;26;0
551;341;26;0
551;360;26;0
552;224;18;0
552;248;16;0
552;253;16;0
552;261;21;0
552;280;26;0
552;282;26;0
552;301;26;0
553;179;14;0
553;202;14;0
553;205;14;0
553;221;18;0
553;236;18;0
553;238;18;0
553;251;16;0
553;253;16;0
553;261;26;0
553;279;26;0
554;235;18;0
554;239;18;0
554;261;16;0
554;287;26;0
555;182;14;0
555;186;14;0
555;230;18;0
555;231;18;0
555;233;18;0
555;234;18;0
555;250;16;0
555;260;16;0
555;282;26;0
556;213;14;0
556;228;18;0
556;229;18;0
557;204;14;0
557;243;18;0
557;247;16;0
557;253;16;0
558;215;14;0
558;232;18;0
558;234;18;0
558;247;18;0
558;255;16;0
558;285;21;0
558;301;26;0
559;238;18;0
559;286;21;0
560;247;18;0
560;269;16;0
560;270;16;0
560;302;26;0
561;217;18;0
561;243;18;0
562;195;14;0
562;221;18;0
562;260;16;0
562;288;16;0
563;197;14;0
563;224;18;0
563;226;18;0
563;231;18;0
563;245;18;0
564;208;14;0
564;241;18;0
564;243;18;0
564;246;14;0
565;182;14;0
565;190;14;0
565;199;14;0
565;212;14;0
565;219;18;0
565;221;18;0
565;239;18;0
565;244;18;0
565;252;14;0
565;265;16;0
565;291;16;0
566;203;14;0
566;212;14;0
566;227;18;0
566;228;18;0
566;229;18;0
566;248;14;0
567;189;14;0
567;219;18;0
567;238;18;0
567;249;14;0
567;266;16;0
567;407;29;0
568;168;14;0
568;196;14;0
568;207;14;0
568;212;14;0
568;232;18;0
568;241;18;0
568;248;14;0
568;272;16;0
569;222;18;0
569;223;18;0
569;224;18;0
569;230;18;0
569;231;18;0
569;244;14;0
569;248;14;0
570;181;14;0
570;194;14;0
570;220;18;0
570;231;18;0
570;242;14;0
570;262;16;0
571;195;14;0
571;225;18;0
571;230;18;0
571;245;14;0
572;203;16;0
572;212;14;0
572;223;18;0
572;224;18;0
572;227;18;0
572;241;14;0
573;208;16;0
573;209;16;0
573;222;14;0
573;236;14;0
573;238;14;0
573;258;16;0
573;264;16;0
575;160;14;0
575;175;8;0
575;221;14;0
575;223;14;0
575;237;14;0
575;260;16;0
575;279;16;0
576;160;8;0
576;257;16;0
576;270;16;0
577;150;8;0
577;202;16;0
577;225;14;0
577;233;14;0
577;258;16;0
578;162;8;0
578;171;8;0
578;180;14;0
578;232;14;0
578;241;14;0
578;255;16;0
578;276;16;0
578;277;16;0
578;341;29;0
579;161;8;0
579;189;16;0
580;253;14;0
580;258;16;0
580;271;16;0
581;191;16;0
581;220;16;0
581;239;14;0
582;189;16;0
582;219;16;0
582;228;14;0
582;263;16;0
582;271;16;0
583;169;8;0
583;192;16;0
583;270;16;0
584;175;16;0
585;167;8;0
585;189;16;0
585;237;16;0
585;250;16;0
586;169;8;0
586;192;16;0
586;223;16;0
586;226;16;0
586;227;16;0
586;247;16;0
587;173;8;0
588;157;8;0
588;166;8;0
588;170;14;0
589;225;16;0
589;226;16;0
589;229;16;0
590;173;14;0
590;234;16;0
590;245;16;0
590;246;16;0
590;263;16;0
591;222;16;0
592;176;16;0
592;228;16;0
593;197;16;0
593;205;16;0
594;174;16;0
594;185;16;0
594;187;16;0
594;190;16;0
594;201;16;0
594;215;16;0
594;230;16;0
594;263;16;0
595;164;14;0
596;224;16;0
596;229;16;0
597;183;16;0
597;225;16;0
597;229;16;0
597;243;16;0
598;221;16;0
599;231;16;0
600;171;16;0
600;230;16;0
601;213;16;0
601;214;16;0
601;370;29;0
602;220;16;0
602;224;16;0
603;185;16;0
603;434;29;0
603;447;29;0
604;192;16;0
604;219;16;0
606;193;16;0
606;218;16;0
606;383;29;0
607;208;16;0
608;219;16;0
608;258;16;0
608;271;16;0
609;198;16;0
609;330;27;0
609;371;29;0
610;180;16;0
612;213;16;0
614;275;16;0
614;298;16;0
614;382;27;0
614;423;29;0
615;61;8;0
617;199;16;0
617;202;16;0
617;276;16;0
617;326;27;0
618;399;27;0
619;288;27;0
620;198;16;0
620;216;16;0
620;245;16;0
620;280;16;0
622;284;27;0
623;202;16;0
623;302;27;0
624;424;29;0
625;190;16;0
625;279;27;0
625;283;27;0
625;297;27;0
625;299;27;0
625;416-1;;;0
626;218;16;0
626;444;29;0
627;193;16;0
627;216;16;0
628;216;16;0
629;282;27;0
629;285;27;0
629;311;27;0
631;285;27;0
632;193;16;0
632;286;27;0
632;335;27;0
632;432;29;0
633;202;16;0
633;212;16;0
634;223;16;0
634;289;27;0
635;219;16;0
635;294;27;0
636;200;16;0
637;316;27;0
638;204;16;0
638;214;16;0
639;314;27;0
639;315;27;0
640;194;8;0
641;196;8;0
641;211;16;0
642;187;8;0
642;206;16;0
643;306;27;0
644;203;8;0
645;209;16;0
645;306;27;0
646;48;8;0
646;407;27;0
647;215;16;0
647;306;27;0
647;421;27;0
648;340;27;0
649;202;8;0
649;299;27;0
649;337;27;0
650;299;27;0
651;339;27;0
652;199;8;0
652;372;27;0
654;213;8;0
656;447;27;0
657;123;8;0
660;373;27;0
663;92;8;0
668;197;17;0
670;202;17;0
672;200;17;0
674;111;8;0
675;182;8;0
676;188;17;0
677;186;17;0
678;77;8;0
681;438;27;0
682;190;17;0
686;71;8;0
690;454;27;0
692;428;27;0
696;44;8;0
697;86;8;0
698;82;8;0
723;233;17;0
723;244;17;0
727;129;8;0
728;184;8;0
731;246;17;0
731;247;17;0
739;158;8;0
740;182;8;0
749;283-1;;;0
753;181;8;0
753;288-1;;;0
755;170;8;0
755;192;8;0
757;189;8;0
759;170;8;0
759;177;8;0
759;178;8;0
768;299-1;;;0
771;170;8;0
778;169;8;0
779;291-1;;;0
