ndMailleX;582
ndMailleY;800
Xmin;933225
Ymin;2289875
Pdm;25

IndiceMailleY;IndiceMailleX;Station1;PPC1;Station2;PPC2;Station3;PPC3;Station4;PPC4;...;
26;466;75;0
56;460;67;0
88;481;71;0
95;470;71;0
136;252;61;0
143;218;61;0
143;475;72;0
147;261;61;0
149;233;61;0
150;467;72;0
152;534;71;0
153;457;72;0
154;249;61;0
156;315;61;0
157;485;72;0
165;318;61;0
168;259;61;0
171;199;61;0
171;258;61;0
179;250;61;0
179;309;61;0
180;235;61;0
183;283;61;0
191;185;61;0
192;185;61;0
192;282;61;0
195;455;72;0
198;435;72;0
198;447;72;0
200;443;72;0
203;442;72;0
211;484;72;0
219;242;1000;0
229;494;73;0
237;448;72;0
241;523;73;0
242;275;62;0
247;247;62;0
248;276;62;0
257;276;62;0
258;257;62;0
264;256;62;0
270;513;73;0
271;479;73;0
273;254;62;0
274;385;1000;0
275;299;62;0
276;325;62;0
278;297;62;0
280;217;62;0
280;260;62;0
281;323;62;0
283;277;62;0
286;226;62;0
290;252;62;0
290;300;62;0
292;328;62;0
293;257;62;0
297;286;62;0
297;289;62;0
298;275;62;0
298;380;1000;0
299;246;62;0
301;264;59;0
301;346;62;0
301;362;62;0
301;363;62;0
304;263;59;0
304;356;62;0
304;554;73;0
307;224;62;0
307;263;59;0
307;293;62;0
308;278;59;0
308;367;62;0
312;264;59;0
313;281;59;0
314;283;59;0
321;264;59;0
323;235;62;0
324;226;62;0
328;321;59;0
329;222;62;0
330;267;59;0
330;424;1000;0
334;260;59;0
334;330;59;0
335;263;59;0
336;259;59;0
340;260;59;0
341;273;59;0
342;275;59;0
343;259;59;0
344;263;59;0
345;256;59;0
345;260;59;0
345;269;59;0
346;262;59;0
347;267;59;0
347;279;59;0
348;258;59;0
348;279;59;0
349;267;59;0
350;279;59;0
351;141;1000;0
355;256;59;0
356;264;59;0
358;257;59;0
358;258;59;0
359;165;25;0
359;256;59;0
361;284;59;0
361;285;59;0
361;287;59;0
361;396;1000;0
362;326;59;0
365;264;59;0
365;292;59;0
366;294;59;0
368;326;1000;0
369;325;1000;0
370;150;25;0
370;295;59;0
371;265;59;0
371;272;59;0
371;273;59;0
371;348;1000;0
372;270;59;0
372;304;57;0
372;314;57;0
373;302;57;0
374;166;25;0
374;260;59;0
374;267;59;0
374;271;59;0
374;312;57;0
374;319;57;0
375;275;59;0
375;303;59;0
377;166;25;0
377;267;59;0
377;269;59;0
380;273;59;0
381;431;69;0
382;271;59;0
385;222;1000;0
386;143;25;0
386;233;1000;0
387;257;60;0
388;256;60;0
389;256;60;0
392;271;60;0
396;168;25;0
398;397;69;0
400;178;26;0
402;255;60;0
402;459;69;0
403;157;26;0
403;178;26;0
405;137;35;0
405;160;26;0
405;201;26;0
405;206;26;0
405;419;69;0
407;421;69;0
408;262;60;0
408;437;69;0
409;169;26;0
410;215;26;0
410;254;60;0
411;257;60;0
411;260;60;0
413;277;60;0
413;284;54;0
414;172;26;0
414;433;69;0
415;174;26;0
415;265;60;0
417;265;60;0
418;207;26;0
418;282;54;0
418;475;69;0
419;278;54;0
420;169;26;0
421;292;57;0
421;408;69;0
422;144;26;0
422;171;26;0
422;237;58;0
422;278;54;0
423;261;57;0
423;270;54;0
423;281;54;0
423;293;57;0
425;133;35;0
425;143;26;0
425;159;26;0
425;174;26;0
426;208;26;0
426;276;57;0
426;295;57;0
427;393;63;0
428;244;58;0
428;254;57;0
428;299;57;0
429;255;57;0
430;255;57;0
431;274;57;0
431;284;57;0
432;292;57;0
433;253;57;0
433;276;57;0
433;282;57;0
434;233;58;0
434;287;57;0
435;170;26;0
435;260;57;0
436;174;35;0
437;259;57;0
437;261;57;0
437;270;57;0
438;182;26;0
438;234;58;0
438;254;57;0
438;263;57;0
439;196;26;0
439;233;58;0
440;249;58;0
440;272;57;0
441;195;26;0
441;235;58;0
441;238;58;0
441;272;57;0
441;292;57;0
442;209;35;0
442;212;35;0
442;243;58;0
442;273;57;0
443;234;58;0
444;188;26;0
444;289;57;0
444;300;57;0
445;188;35;0
446;173;35;0
446;247;58;0
446;262;57;0
446;270;57;0
447;172;35;0
447;173;35;0
447;177;35;0
447;219;36;0
447;246;58;0
447;260;57;0
447;267;57;0
448;186;35;0
448;283;57;0
449;162;35;0
449;262;57;0
449;264;57;0
449;265;57;0
450;257;57;0
450;271;57;0
450;274;57;0
451;162;35;0
451;198;35;0
451;204;35;0
451;208;35;0
451;233;58;0
452;163;35;0
452;238;58;0
452;253;58;0
453;223;36;0
453;231;58;0
453;232;58;0
453;237;58;0
453;239;58;0
454;271;57;0
455;212;35;0
456;224;34;0
456;234;58;0
457;211;35;0
457;222;36;0
458;239;58;0
458;267;57;0
459;189;35;0
459;235;58;0
459;242;58;0
459;269;56;0
460;224;36;0
460;267;56;0
460;270;56;0
461;173;35;0
462;216;36;0
462;263;56;0
462;265;56;0
462;270;56;0
463;170;35;0
463;193;35;0
463;228;34;0
463;263;56;0
463;265;56;0
463;267;56;0
463;269;56;0
464;233;34;0
464;240;58;0
465;178;36;0
465;260;56;0
465;262;56;0
465;265;56;0
465;273;56;0
466;224;34;0
466;241;58;0
466;259;56;0
466;263;56;0
466;266;56;0
467;179;36;0
467;226;34;0
467;242;58;0
467;259;56;0
467;260;56;0
467;267;56;0
467;268;56;0
467;274;56;0
468;225;34;0
468;228;34;0
468;263;56;0
468;265;56;0
468;468;69;0
469;227;34;0
469;259;56;0
469;262;56;0
470;218;34;0
470;258;56;0
471;197;36;0
471;220;34;0
471;228;34;0
471;246;58;0
471;273;56;0
472;200;36;0
472;220;34;0
472;221;34;0
472;222;34;0
472;224;34;0
472;253;56;0
472;257;56;0
473;221;34;0
473;225;34;0
473;250;56;0
473;278;56;0
474;236;34;0
474;259;56;0
474;275;56;0
475;206;36;0
475;243;34;0
475;257;56;0
475;263;56;0
475;265;56;0
475;273;56;0
476;148;35;0
476;150;35;0
476;178;36;0
476;238;34;0
476;244;34;0
476;263;56;0
476;275;56;0
476;470;69;0
477;252;56;0
477;256;56;0
477;260;56;0
477;276;56;0
477;278;56;0
478;230;34;0
478;254;56;0
478;275;56;0
478;488;69;0
479;201;36;0
479;240;34;0
479;264;56;0
479;273;56;0
480;129;35;0
480;148;35;0
480;239;34;0
480;267;56;0
480;282;34;0
481;218;34;0
481;221;34;0
481;233;34;0
481;262;56;0
481;269;34;0
482;232;34;0
482;260;56;0
483;145;35;0
483;164;35;0
483;201;36;0
483;224;34;0
483;230;34;0
483;241;34;0
483;242;34;0
483;260;34;0
484;154;35;0
484;169;36;0
484;285;34;0
485;165;36;0
485;231;34;0
485;233;34;0
485;241;34;0
485;242;34;0
485;249;54;0
485;265;34;0
485;279;34;0
486;231;34;0
486;254;54;0
486;268;34;0
486;274;34;0
486;280;34;0
486;512;69;0
487;92;19;0
487;140;35;0
487;165;36;0
487;239;34;0
487;264;34;0
487;267;34;0
487;273;34;0
487;513;69;0
488;105;19;0
488;248;54;0
488;255;54;0
488;259;54;0
488;267;34;0
488;271;34;0
488;277;34;0
489;109;19;0
489;150;36;0
489;218;36;0
489;228;34;0
489;234;34;0
489;251;54;0
489;460;69;0
490;100;19;0
490;145;29;0
490;227;34;0
490;230;34;0
490;237;34;0
490;239;54;0
490;279;34;0
491;160;36;0
491;204;36;0
491;246;54;0
491;258;54;0
491;271;34;0
491;272;34;0
492;114;19;0
492;229;36;0
492;234;34;0
492;237;54;0
492;238;54;0
492;254;54;0
492;260;54;0
492;281;34;0
492;284;34;0
492;285;34;0
493;135;36;0
493;139;36;0
493;140;29;0
493;154;36;0
493;204;36;0
493;214;36;0
493;233;36;0
493;234;36;0
493;235;34;0
493;289;34;0
494;110;19;0
494;145;36;0
494;194;36;0
494;262;53;0
494;270;34;0
494;273;34;0
494;282;34;0
495;149;36;0
495;213;36;0
495;221;36;0
495;227;36;0
495;230;36;0
495;247;54;0
495;248;54;0
495;251;54;0
496;119;36;0
496;169;36;0
496;221;36;0
496;233;36;0
496;235;36;0
496;246;54;0
496;265;53;0
496;266;53;0
496;268;34;0
496;361;63;0
497;150;36;0
497;186;36;0
497;205;36;0
497;214;36;0
497;215;36;0
497;225;36;0
497;227;36;0
497;236;54;0
497;237;54;0
497;259;53;0
497;288;34;0
497;464;69;0
498;165;36;0
498;259;53;0
498;262;53;0
499;152;36;0
499;155;36;0
499;186;36;0
499;189;36;0
499;218;36;0
499;229;36;0
499;262;53;0
499;268;53;0
500;169;29;0
500;189;36;0
500;197;36;0
500;205;36;0
500;234;36;0
500;240;55;0
500;243;55;0
500;254;53;0
500;259;53;0
500;269;53;0
501;176;29;0
501;182;36;0
501;226;36;0
501;236;55;0
501;237;55;0
501;246;55;0
502;121;19;0
502;141;36;0
502;177;29;0
502;182;29;0
502;244;55;0
502;245;55;0
502;288;64;0
502;291;64;0
503;132;19;0
503;162;29;0
503;202;36;0
503;224;36;0
503;226;36;0
503;245;55;0
503;247;55;0
503;252;53;0
503;266;53;0
503;269;53;0
503;299;64;0
504;173;29;0
504;174;29;0
504;181;29;0
504;287;64;0
504;311;64;0
505;150;29;0
505;158;29;0
505;182;29;0
505;234;36;0
505;236;28;0
505;246;55;0
505;247;55;0
506;131;19;0
506;186;29;0
506;220;28;0
506;237;55;0
506;243;55;0
506;246;55;0
506;251;53;0
506;269;53;0
506;304;64;0
507;182;29;0
507;195;36;0
507;231;36;0
507;237;28;0
507;243;55;0
507;258;53;0
507;266;53;0
507;304;64;0
508;176;29;0
508;201;28;0
508;222;28;0
508;236;28;0
508;242;55;0
508;243;55;0
508;244;55;0
508;248;55;0
508;267;53;0
508;307;64;0
508;458;69;0
509;177;29;0
509;182;29;0
509;191;29;0
509;198;28;0
509;206;28;0
509;226;36;0
509;227;36;0
509;230;28;0
509;232;28;0
509;243;55;0
509;249;53;0
509;260;53;0
510;151;36;0
510;231;28;0
510;232;28;0
510;235;28;0
510;240;1000;0
510;244;51;0
510;245;51;0
510;246;51;0
510;252;53;0
510;260;53;0
510;266;53;0
510;268;53;0
510;304;64;0
510;314;64;0
511;161;29;0
511;181;29;0
511;183;29;0
511;194;29;0
511;233;28;0
511;311;64;0
511;315;64;0
511;377;63;0
511;492;69;0
512;173;29;0
512;201;28;0
512;253;51;0
512;268;53;0
512;319;64;0
512;414;69;0
513;217;28;0
513;238;28;0
513;241;52;0
513;242;52;0
513;248;51;0
513;252;51;0
513;266;53;0
513;288;64;0
513;289;64;0
513;292;64;0
514;154;33;0
514;206;28;0
514;208;28;0
514;242;52;0
514;247;51;0
514;252;51;0
514;257;51;0
514;262;53;0
514;296;64;0
515;167;29;0
515;216;28;0
515;233;28;0
515;242;52;0
515;243;52;0
515;244;52;0
515;247;51;0
515;248;51;0
515;249;51;0
515;264;51;0
515;267;53;0
515;269;53;0
515;290;64;0
515;307;64;0
516;190;29;0
516;198;28;0
516;204;28;0
516;206;28;0
516;207;28;0
516;212;28;0
516;213;28;0
516;218;28;0
516;230;28;0
516;236;52;0
516;238;52;0
516;240;52;0
516;259;51;0
516;293;64;0
516;314;64;0
516;350;63;0
517;86;19;0
517;182;29;0
517;186;29;0
517;218;28;0
517;229;28;0
517;230;28;0
517;232;52;0
517;257;51;0
517;258;51;0
517;315;64;0
518;155;33;0
518;198;28;0
518;199;28;0
518;202;28;0
518;214;28;0
518;218;28;0
518;265;51;0
518;302;64;0
518;332;63;0
518;360;63;0
518;381;63;0
519;174;29;0
519;189;29;0
519;204;28;0
519;206;28;0
519;215;28;0
519;241;52;0
519;242;52;0
519;253;51;0
519;257;51;0
519;260;51;0
519;269;51;0
520;171;33;0
520;190;29;0
520;194;29;0
520;201;28;0
520;204;28;0
520;206;28;0
520;208;28;0
520;233;52;0
520;244;52;0
520;246;52;0
520;259;51;0
520;266;51;0
520;295;64;0
520;297;64;0
520;298;64;0
520;299;64;0
521;168;33;0
521;198;28;0
521;212;28;0
521;247;52;0
521;250;51;0
521;260;51;0
521;261;51;0
521;264;51;0
521;266;51;0
521;300;64;0
521;303;64;0
521;349;63;0
521;353;63;0
522;196;28;0
522;202;28;0
522;206;28;0
522;210;28;0
522;211;28;0
522;215;28;0
522;246;52;0
522;258;51;0
522;260;51;0
522;265;51;0
522;272;51;0
522;275;51;0
522;318;64;0
522;320;63;0
522;472;69;0
523;125;19;0
523;198;28;0
523;202;28;0
523;204;28;0
523;205;28;0
523;207;28;0
523;209;28;0
523;212;28;0
523;215;28;0
523;241;52;0
523;243;52;0
523;268;51;0
523;275;51;0
523;278;64;0
523;279;64;0
524;193;29;0
524;200;28;0
524;201;28;0
524;245;52;0
524;249;52;0
524;252;51;0
524;258;51;0
524;259;51;0
524;260;51;0
524;276;1000;0
524;279;64;0
524;280;64;0
524;294;64;0
524;326;63;0
524;347;63;0
525;136;19;0
525;171;33;0
525;188;29;0
525;210;28;0
525;211;28;0
525;212;28;0
525;237;52;0
525;239;52;0
525;245;52;0
525;259;51;0
525;268;51;0
525;269;51;0
525;276;1000;0
525;277;64;0
525;279;64;0
525;281;64;0
525;282;64;0
525;312;64;0
526;185;29;0
526;190;29;0
526;199;28;0
526;206;28;0
526;208;28;0
526;209;28;0
526;216;28;0
526;232;52;0
526;247;52;0
526;250;51;0
526;261;51;0
526;266;51;0
526;274;51;0
526;285;64;0
526;308;64;0
527;200;28;0
527;204;28;0
527;208;28;0
527;231;52;0
527;242;52;0
527;245;52;0
527;252;51;0
527;263;51;0
527;276;1000;0
527;283;64;0
527;289;64;0
527;299;64;0
527;316;64;0
528;199;28;0
528;215;28;0
528;231;52;0
528;234;52;0
528;239;52;0
528;240;52;0
528;241;52;0
528;243;52;0
528;249;52;0
528;252;51;0
528;262;51;0
528;270;51;0
528;271;51;0
528;272;51;0
528;273;51;0
528;288;64;0
528;292;64;0
528;303;64;0
528;379;63;0
529;201;28;0
529;202;28;0
529;205;28;0
529;206;28;0
529;208;28;0
529;211;28;0
529;235;52;0
529;249;51;0
529;261;51;0
529;272;51;0
529;294;64;0
529;316;64;0
530;186;30;0
530;198;28;0
530;210;28;0
530;211;28;0
530;235;52;0
530;242;52;0
530;244;52;0
530;258;51;0
530;262;51;0
530;309;64;0
531;185;30;0
531;186;30;0
531;209;28;0
531;211;28;0
531;214;28;0
531;225;28;0
531;237;52;0
531;248;50;0
531;252;50;0
531;254;51;0
531;256;51;0
531;264;51;0
531;267;51;0
531;275;51;0
531;287;64;0
531;308;64;0
531;310;64;0
532;180;30;0
532;194;30;0
532;196;28;0
532;201;28;0
532;204;28;0
532;207;28;0
532;222;28;0
532;236;52;0
532;259;51;0
532;262;51;0
532;282;64;0
532;284;64;0
532;303;64;0
532;310;64;0
533;191;30;0
533;199;28;0
533;203;28;0
533;204;28;0
533;221;28;0
533;242;52;0
533;243;52;0
533;247;50;0
533;258;51;0
533;267;51;0
533;269;51;0
533;270;51;0
533;282;64;0
533;295;64;0
533;313;64;0
534;179;30;0
534;213;28;0
534;221;28;0
534;230;28;0
534;239;52;0
534;249;50;0
534;251;50;0
534;276;50;0
534;282;64;0
534;286;64;0
535;179;30;0
535;183;30;0
535;197;28;0
535;199;28;0
535;203;28;0
535;207;28;0
535;208;32;0
535;211;32;0
535;212;32;0
535;213;32;0
535;220;28;0
535;225;28;0
535;247;50;0
535;250;50;0
535;260;50;0
535;261;50;0
535;268;50;0
535;279;64;0
535;280;64;0
535;287;64;0
535;296;64;0
535;305;64;0
535;332;63;0
536;184;30;0
536;209;32;0
536;211;32;0
536;226;28;0
536;237;52;0
536;238;52;0
536;240;50;0
536;246;50;0
536;256;50;0
536;271;50;0
536;273;50;0
536;336;63;0
537;199;28;0
537;201;32;0
537;209;32;0
537;215;32;0
537;219;32;0
537;222;28;0
537;243;50;0
537;244;50;0
537;248;50;0
537;257;50;0
537;270;50;0
537;271;50;0
537;279;64;0
537;280;64;0
537;290;64;0
537;307;64;0
537;321;63;0
538;193;30;0
538;202;32;0
538;227;28;0
538;238;50;0
538;250;50;0
538;262;50;0
538;264;50;0
538;271;50;0
538;278;64;0
538;282;64;0
538;285;64;0
539;208;32;0
539;219;32;0
539;253;50;0
539;262;50;0
539;274;50;0
539;290;64;0
540;177;33;0
540;211;32;0
540;221;32;0
540;226;43;0
540;273;50;0
540;311;63;0
541;190;30;0
541;210;32;0
541;221;32;0
541;242;50;0
541;273;50;0
541;276;50;0
541;279;64;0
541;288;64;0
542;187;30;0
542;209;32;0
542;223;43;0
542;230;43;0
542;235;43;0
542;251;50;0
542;259;50;0
542;272;50;0
542;280;64;0
542;284;64;0
542;328;63;0
543;186;30;0
543;192;33;0
543;202;32;0
543;207;32;0
543;225;43;0
543;226;43;0
543;238;43;0
543;254;50;0
543;256;50;0
543;266;50;0
543;281;64;0
543;284;64;0
543;340;63;0
544;183;33;0
544;184;33;0
544;207;32;0
544;208;32;0
544;211;32;0
544;226;43;0
544;231;43;0
544;232;43;0
544;235;43;0
544;298;64;0
545;199;33;0
545;200;32;0
545;202;32;0
545;207;32;0
545;208;32;0
545;210;32;0
545;213;32;0
545;224;43;0
545;232;43;0
545;236;43;0
545;264;50;0
545;271;50;0
545;284;64;0
545;295;64;0
545;364;63;0
546;205;32;0
546;209;32;0
546;210;32;0
546;212;32;0
546;227;43;0
546;248;50;0
546;254;50;0
546;260;50;0
546;268;50;0
546;278;64;0
546;282;64;0
546;283;64;0
546;299;64;0
546;326;63;0
547;238;43;0
547;246;43;0
547;281;64;0
547;287;64;0
547;330;63;0
548;184;33;0
548;203;32;0
548;222;43;0
548;232;43;0
548;237;43;0
548;251;50;0
548;259;50;0
548;278;64;0
548;283;64;0
548;298;64;0
549;92;19;0
549;205;32;0
549;210;32;0
549;211;32;0
549;225;43;0
549;232;43;0
549;258;50;0
549;276;64;0
549;282;64;0
550;200;33;0
550;206;32;0
550;209;31;0
550;223;43;0
550;228;43;0
550;276;64;0
550;283;64;0
550;285;64;0
550;289;64;0
551;183;33;0
551;223;43;0
551;224;43;0
551;231;43;0
551;292;63;0
551;341;63;0
551;360;63;0
552;224;43;0
552;248;37;0
552;253;37;0
552;261;50;0
552;280;64;0
552;282;64;0
552;301;63;0
553;179;33;0
553;202;33;0
553;205;31;0
553;221;44;0
553;236;42;0
553;238;42;0
553;251;37;0
553;253;37;0
553;261;64;0
553;279;64;0
554;235;42;0
554;239;42;0
554;261;37;0
554;287;64;0
555;182;33;0
555;186;33;0
555;230;42;0
555;231;42;0
555;233;42;0
555;234;42;0
555;250;37;0
555;260;37;0
555;282;64;0
556;213;31;0
556;228;42;0
556;229;42;0
557;204;33;0
557;243;42;0
557;247;37;0
557;253;37;0
558;215;31;0
558;232;42;0
558;234;42;0
558;247;42;0
558;255;37;0
558;285;50;0
558;301;63;0
559;238;42;0
559;286;50;0
560;247;42;0
560;269;37;0
560;270;37;0
560;302;63;0
561;217;44;0
561;243;42;0
562;195;33;0
562;221;44;0
562;260;37;0
562;288;37;0
563;197;33;0
563;224;44;0
563;226;44;0
563;231;44;0
563;245;42;0
564;208;31;0
564;241;42;0
564;243;42;0
564;246;31;0
565;182;33;0
565;190;33;0
565;199;33;0
565;212;31;0
565;219;44;0
565;221;44;0
565;239;42;0
565;244;42;0
565;252;31;0
565;265;37;0
565;291;37;0
566;203;31;0
566;212;31;0
566;227;44;0
566;228;44;0
566;229;44;0
566;248;31;0
567;189;33;0
567;219;44;0
567;238;42;0
567;249;31;0
567;266;37;0
567;407;70;0
568;168;33;0
568;196;33;0
568;207;31;0
568;212;31;0
568;232;44;0
568;241;42;0
568;248;31;0
568;272;37;0
569;222;44;0
569;223;44;0
569;224;44;0
569;230;44;0
569;231;44;0
569;244;31;0
569;248;31;0
570;181;33;0
570;194;33;0
570;220;44;0
570;231;44;0
570;242;31;0
570;262;37;0
571;195;33;0
571;225;44;0
571;230;44;0
571;245;31;0
572;203;38;0
572;212;31;0
572;223;44;0
572;224;44;0
572;227;44;0
572;241;31;0
573;208;38;0
573;209;38;0
573;222;31;0
573;236;31;0
573;238;31;0
573;258;37;0
573;264;37;0
575;160;33;0
575;175;19;0
575;221;31;0
575;223;31;0
575;237;31;0
575;260;37;0
575;279;37;0
576;160;19;0
576;257;37;0
576;270;37;0
577;150;19;0
577;202;38;0
577;225;31;0
577;233;31;0
577;258;37;0
578;162;19;0
578;171;19;0
578;180;33;0
578;232;31;0
578;241;31;0
578;255;37;0
578;276;37;0
578;277;37;0
578;341;70;0
579;161;19;0
579;189;38;0
580;253;31;0
580;258;37;0
580;271;37;0
581;191;38;0
581;220;38;0
581;239;31;0
582;189;38;0
582;219;38;0
582;228;31;0
582;263;37;0
582;271;37;0
583;169;19;0
583;192;38;0
583;270;37;0
584;175;38;0
585;167;19;0
585;189;38;0
585;237;37;0
585;250;37;0
586;169;19;0
586;192;38;0
586;223;37;0
586;226;37;0
586;227;37;0
586;247;37;0
587;173;19;0
588;157;19;0
588;166;19;0
588;170;33;0
589;225;37;0
589;226;37;0
589;229;37;0
590;173;33;0
590;234;37;0
590;245;37;0
590;246;37;0
590;263;37;0
591;222;37;0
592;176;38;0
592;228;37;0
593;197;38;0
593;205;38;0
594;174;38;0
594;185;38;0
594;187;38;0
594;190;38;0
594;201;38;0
594;215;38;0
594;230;37;0
594;263;37;0
595;164;33;0
596;224;37;0
596;229;37;0
597;183;38;0
597;225;37;0
597;229;37;0
597;243;37;0
598;221;37;0
599;231;37;0
600;171;38;0
600;230;37;0
601;213;39;0
601;214;39;0
601;370;70;0
602;220;39;0
602;224;39;0
603;185;38;0
603;434;68;0
603;447;68;0
604;192;38;0
604;219;39;0
606;193;39;0
606;218;39;0
606;383;70;0
607;208;39;0
608;219;39;0
608;258;37;0
608;271;37;0
609;198;39;0
609;330;66;0
609;371;70;0
610;180;38;0
612;213;39;0
614;275;37;0
614;298;37;0
614;382;65;0
614;423;68;0
615;61;19;0
617;199;39;0
617;202;39;0
617;276;37;0
617;326;66;0
618;399;65;0
619;288;66;0
620;198;39;0
620;216;39;0
620;245;37;0
620;280;37;0
622;284;66;0
623;202;39;0
623;302;66;0
624;424;68;0
625;190;39;0
625;279;66;0
625;283;66;0
625;297;66;0
625;299;66;0
625;416;1000;0
626;218;39;0
626;444;68;0
627;193;39;0
627;216;39;0
628;216;39;0
629;282;66;0
629;285;66;0
629;311;66;0
631;285;66;0
632;193;39;0
632;286;66;0
632;335;66;0
632;432;68;0
633;202;39;0
633;212;39;0
634;223;39;0
634;289;66;0
635;219;39;0
635;294;66;0
636;200;39;0
637;316;66;0
638;204;39;0
638;214;39;0
639;314;66;0
639;315;66;0
640;194;18;0
641;196;18;0
641;211;39;0
642;187;18;0
642;206;39;0
643;306;66;0
644;203;18;0
645;209;39;0
645;306;66;0
646;48;20;0
646;407;65;0
647;215;39;0
647;306;66;0
647;421;65;0
648;340;66;0
649;202;18;0
649;299;66;0
649;337;66;0
650;299;66;0
651;339;66;0
652;199;18;0
652;372;65;0
654;213;18;0
656;447;65;0
657;123;18;0
660;373;65;0
663;92;18;0
668;197;41;0
670;202;41;0
672;200;41;0
674;111;18;0
675;182;18;0
676;188;41;0
677;186;41;0
678;77;18;0
681;438;65;0
682;190;41;0
686;71;18;0
690;454;65;0
692;428;65;0
696;44;20;0
697;86;18;0
698;82;18;0
723;233;40;0
723;244;40;0
727;129;18;0
728;184;18;0
731;246;40;0
731;247;40;0
739;158;18;0
740;182;18;0
749;283;1000;0
753;181;18;0
753;288;1000;0
755;170;18;0
755;192;18;0
757;189;18;0
759;170;18;0
759;177;18;0
759;178;18;0
768;299;1000;0
771;170;18;0
778;169;18;0
779;291;1000;0
